Classification Report — RoPE_Conformer
======================================================================
              precision    recall  f1-score   support

          TV       0.92      0.92      0.92        37
       after       0.76      0.71      0.74        35
    airplane       0.97      0.95      0.96        40
         all       0.85      0.74      0.79        39
   alligator       0.90      0.90      0.90        39
      animal       0.79      0.89      0.84        35
     another       0.78      0.84      0.81        37
         any       0.71      0.77      0.74        35
       apple       0.95      0.95      0.95        37
         arm       0.89      0.89      0.89        36
        aunt       0.92      0.95      0.94        38
       awake       0.53      0.42      0.47        38
    backyard       0.81      0.70      0.75        37
         bad       0.67      0.84      0.75        37
     balloon       0.94      0.87      0.91        39
        bath       0.83      0.88      0.86        34
     because       0.95      0.90      0.92        40
         bed       0.75      0.86      0.80        35
     bedroom       0.78      0.66      0.71        38
         bee       0.85      0.95      0.90        37
      before       0.77      0.66      0.71        35
      beside       0.59      0.55      0.57        31
      better       0.86      0.89      0.88        36
        bird       0.86      0.90      0.88        40
       black       0.97      0.95      0.96        38
        blow       0.92      0.87      0.89        39
        blue       0.81      0.97      0.89        36
        boat       0.90      0.76      0.82        37
        book       0.67      0.74      0.70        35
         boy       0.84      0.97      0.90        38
     brother       0.88      0.90      0.89        40
       brown       1.00      0.95      0.97        40
         bug       0.95      0.92      0.93        38
         bye       0.84      0.90      0.87        41
 callonphone       1.00      0.97      0.99        37
         can       0.74      0.69      0.71        36
         car       0.83      0.94      0.88        36
      carrot       0.87      0.89      0.88        38
         cat       0.82      0.72      0.77        39
      cereal       0.94      0.82      0.87        38
       chair       0.76      0.92      0.83        37
       cheek       0.85      0.89      0.87        37
       child       0.81      0.74      0.77        34
        chin       0.88      0.91      0.90        33
   chocolate       0.94      0.92      0.93        37
       clean       0.70      0.88      0.78        34
       close       0.79      0.70      0.74        37
      closet       0.89      0.89      0.89        37
       cloud       0.83      0.89      0.86        38
       clown       0.97      0.95      0.96        39
         cow       0.94      0.85      0.89        40
      cowboy       0.82      0.95      0.88        38
         cry       0.89      0.85      0.87        39
         cut       0.77      0.69      0.73        35
        cute       0.92      0.97      0.95        37
         dad       0.92      0.87      0.89        38
       dance       0.75      0.87      0.81        31
       dirty       0.81      0.94      0.87        36
         dog       0.82      0.84      0.83        37
        doll       0.93      0.97      0.95        40
      donkey       0.93      0.95      0.94        39
        down       0.74      0.88      0.80        32
      drawer       0.97      0.89      0.93        36
       drink       0.95      0.95      0.95        40
        drop       0.81      0.74      0.77        34
         dry       0.82      0.79      0.81        39
       dryer       0.76      0.84      0.79        37
        duck       0.83      0.85      0.84        41
         ear       0.80      0.89      0.85        37
    elephant       0.80      0.76      0.78        37
       empty       0.88      0.78      0.82        36
       every       0.83      0.92      0.87        37
         eye       0.94      0.77      0.85        39
        face       0.83      0.65      0.73        37
        fall       0.74      0.84      0.79        38
        farm       0.84      0.80      0.82        40
        fast       0.80      0.78      0.79        36
        feet       0.82      0.78      0.80        36
        find       0.90      0.90      0.90        40
        fine       0.77      0.86      0.81        35
      finger       0.81      0.79      0.80        38
      finish       0.87      0.87      0.87        39
     fireman       0.91      0.95      0.93        41
       first       0.95      0.93      0.94        40
        fish       0.71      0.79      0.75        38
        flag       0.88      0.92      0.90        38
      flower       0.95      0.92      0.93        38
        food       0.95      0.97      0.96        39
         for       0.93      0.97      0.95        38
 frenchfries       0.92      0.85      0.88        39
        frog       0.97      0.97      0.97        39
     garbage       0.89      0.92      0.91        37
        gift       0.78      0.82      0.79        38
     giraffe       1.00      0.81      0.90        37
        girl       0.85      0.92      0.89        38
        give       0.70      0.68      0.69        34
 glasswindow       0.82      0.79      0.81        39
          go       0.77      0.69      0.73        39
       goose       0.75      0.75      0.75        40
     grandma       0.78      0.74      0.76        38
     grandpa       0.88      0.97      0.92        37
       grass       0.94      0.87      0.90        38
       green       0.86      0.97      0.91        38
         gum       0.95      0.97      0.96        39
        hair       1.00      0.87      0.93        39
       happy       0.84      0.86      0.85        36
         hat       0.78      0.85      0.82        34
        hate       0.68      0.77      0.72        35
        have       0.83      0.74      0.78        34
      haveto       0.93      0.79      0.86        34
        head       0.86      0.97      0.91        38
        hear       0.86      0.78      0.82        41
  helicopter       0.97      0.84      0.90        37
       hello       0.90      0.90      0.90        39
         hen       0.90      0.92      0.91        38
     hesheit       0.87      0.79      0.83        34
        hide       0.93      0.75      0.83        36
        high       0.97      0.95      0.96        37
        home       0.95      0.92      0.94        39
       horse       0.97      1.00      0.99        39
         hot       0.92      0.95      0.94        38
      hungry       0.92      0.90      0.91        39
    icecream       0.91      0.97      0.94        40
          if       0.94      0.92      0.93        36
        into       0.80      0.67      0.73        36
      jacket       0.77      0.88      0.82        34
       jeans       0.65      0.68      0.67        38
        jump       0.76      0.82      0.78        38
        kiss       0.90      0.90      0.90        40
       kitty       0.74      0.84      0.79        38
        lamp       0.85      0.76      0.80        37
       later       0.86      0.95      0.90        38
        like       0.94      0.84      0.89        38
        lion       0.95      0.95      0.95        38
        lips       0.86      0.80      0.83        40
      listen       0.90      0.88      0.89        40
        look       0.86      0.76      0.81        41
        loud       0.77      0.89      0.82        37
         mad       0.95      0.92      0.93        38
        make       0.95      0.88      0.91        40
         man       0.90      0.92      0.91        39
        many       0.84      1.00      0.92        38
        milk       0.92      0.92      0.92        36
      minemy       0.89      0.86      0.88        37
      mitten       0.92      0.97      0.95        36
         mom       0.83      0.92      0.88        38
        moon       0.97      0.95      0.96        38
     morning       0.83      0.78      0.81        37
       mouse       0.82      0.90      0.86        41
       mouth       0.72      0.82      0.77        38
         nap       0.87      0.71      0.78        38
      napkin       0.92      0.90      0.91        40
       night       0.75      0.79      0.77        34
          no       0.97      0.76      0.85        37
       noisy       0.79      0.86      0.82        35
        nose       1.00      0.92      0.96        37
         not       0.84      0.84      0.84        37
         now       0.92      0.92      0.92        37
        nuts       1.00      0.90      0.95        41
         old       1.00      0.92      0.96        39
          on       0.64      0.69      0.67        36
        open       0.69      0.61      0.65        36
      orange       0.90      0.95      0.93        39
     outside       0.84      0.82      0.83        38
        owie       0.94      0.83      0.88        36
         owl       0.97      0.90      0.94        40
     pajamas       0.82      0.79      0.81        39
         pen       0.68      0.75      0.71        40
      pencil       0.78      0.82      0.79        38
       penny       0.85      0.87      0.86        39
      person       0.71      0.77      0.74        31
         pig       0.86      0.86      0.86        35
       pizza       0.95      0.93      0.94        40
      please       0.84      0.95      0.89        38
      police       0.91      0.84      0.88        38
        pool       0.76      0.81      0.78        36
       potty       0.86      0.91      0.89        35
     pretend       0.90      0.88      0.89        40
      pretty       0.87      0.87      0.87        39
       puppy       0.64      0.71      0.68        35
      puzzle       0.83      0.85      0.84        34
       quiet       0.86      0.83      0.85        36
       radio       1.00      0.97      0.99        39
        rain       0.78      0.86      0.82        37
        read       0.89      0.89      0.89        35
         red       0.86      0.86      0.86        36
refrigerator       0.86      0.88      0.87        34
        ride       0.79      0.79      0.79        34
        room       0.77      0.81      0.79        37
         sad       0.92      0.85      0.88        39
        same       0.94      0.92      0.93        36
         say       0.81      0.89      0.85        38
    scissors       0.84      0.86      0.85        36
         see       0.85      0.87      0.86        39
        shhh       0.98      0.98      0.98        41
       shirt       0.87      0.77      0.82        35
        shoe       0.77      0.86      0.81        35
      shower       0.89      0.92      0.91        37
        sick       0.95      0.92      0.93        38
       sleep       0.62      0.66      0.64        38
      sleepy       0.70      0.76      0.73        41
       smile       0.94      0.81      0.87        37
       snack       0.83      0.92      0.88        38
        snow       0.97      0.87      0.92        38
      stairs       0.85      0.76      0.81        38
        stay       0.86      0.86      0.86        37
      sticky       0.79      0.68      0.73        34
       store       0.86      0.95      0.90        38
       story       0.84      0.84      0.84        37
       stuck       0.97      0.88      0.92        33
         sun       0.89      0.87      0.88        39
       table       0.82      0.82      0.82        33
        talk       0.88      0.95      0.91        39
       taste       0.88      0.92      0.90        39
    thankyou       0.94      0.91      0.93        35
        that       0.86      0.82      0.84        38
       there       0.69      0.61      0.65        36
       think       0.87      0.87      0.87        39
     thirsty       0.87      0.94      0.91        36
       tiger       0.97      0.95      0.96        39
        time       0.83      0.81      0.82        37
    tomorrow       0.88      0.92      0.90        39
      tongue       0.89      0.94      0.92        36
       tooth       0.79      0.87      0.83        39
  toothbrush       0.97      0.90      0.93        39
       touch       0.91      0.78      0.84        37
         toy       0.87      0.89      0.88        37
        tree       0.82      0.82      0.82        38
       uncle       0.95      0.97      0.96        40
   underwear       0.88      0.81      0.85        37
          up       0.90      0.95      0.93        39
      vacuum       0.88      0.74      0.81        31
        wait       0.71      0.71      0.71        35
        wake       0.55      0.60      0.57        40
       water       1.00      0.90      0.95        39
         wet       0.78      0.81      0.79        36
        weus       0.83      0.78      0.81        37
       where       0.95      1.00      0.97        37
       white       0.92      0.95      0.93        37
         who       0.94      0.83      0.88        41
         why       0.91      0.86      0.88        35
        will       0.92      0.89      0.90        37
        wolf       0.89      0.87      0.88        38
      yellow       0.92      0.87      0.89        38
         yes       0.83      0.79      0.81        38
   yesterday       0.95      0.93      0.94        40
    yourself       0.90      0.90      0.90        39
       yucky       0.84      0.86      0.85        37
       zebra       0.86      0.97      0.91        38
      zipper       0.76      0.83      0.79        30

    accuracy                           0.86      9344
   macro avg       0.86      0.85      0.85      9344
weighted avg       0.86      0.86      0.86      9344
